lambdaBi1=0.344142259414226
lambdaBi2=0.655857740585774
lambdaTri1=0.339955849889625
lambdaTri2=0.356512141280353
lambdaTri3=0.303532008830022
