lambdaBi1=0.163931263631841
lambdaBi2=0.836068736368159
lambdaTri1=0.103686850633675
lambdaTri2=0.314799411133906
lambdaTri3=0.581513738232419
